#model_version:v2026.06.15,score_date:2026-09-21T12:03:23Z
cve,epss,percentile
CVE-2019-12126,0.01242,0.67397
