#model_version:v2025.03.14,score_date:2025-10-02T12:55:00Z
cve,epss,percentile
CVE-2019-0042,0.00047,0.14243
