#model_version:v2026.06.15,score_date:2026-09-15T12:00:11Z
cve,epss,percentile
CVE-2020-14070,0.01825,0.77636
