#model_version:v2026.06.15,score_date:2026-09-24T12:00:20Z
cve,epss,percentile
CVE-2020-0606,0.17188,0.96985
