#model_version:v2025.03.14,score_date:2026-05-17T12:55:00Z
cve,epss,percentile
CVE-2020-29012,0.00203,0.42174
