#model_version:v2026.06.15,score_date:2026-07-29T12:03:07Z
cve,epss,percentile
CVE-2026-60171,0.00431,0.35338
