#model_version:v2026.06.15,score_date:2026-09-21T12:03:23Z
cve,epss,percentile
CVE-2026-68070,0.00272,0.19744
