#model_version:v2026.06.15,score_date:2026-09-24T12:00:20Z
cve,epss,percentile
CVE-2026-2120,0.04067,0.90284
