#model_version:v2026.06.15,score_date:2026-09-12T12:00:22Z
cve,epss,percentile
CVE-2026-23210,0.00106,0.01225
