#model_version:v2026.06.15,score_date:2026-09-07T12:00:22Z
cve,epss,percentile
CVE-2026-21358,0.00154,0.04781
