#model_version:v2026.06.15,score_date:2026-09-14T12:00:22Z
cve,epss,percentile
CVE-2026-1602,0.00711,0.51617
