#model_version:v2026.06.15,score_date:2026-09-17T12:00:22Z
cve,epss,percentile
CVE-2026-42393,0.00145,0.04112
