#model_version:v2026.06.15,score_date:2026-09-20T12:00:23Z
cve,epss,percentile
CVE-2011-1849,0.10567,0.95567
