#model_version:v2026.06.15,score_date:2026-09-25T12:03:13Z
cve,epss,percentile
CVE-2023-42526,0.00616,0.47286
