#model_version:v2025.03.14,score_date:2025-09-05T12:55:00Z
cve,epss,percentile
CVE-2023-27102,0.00322,0.54634
