#model_version:v2025.03.14,score_date:2025-11-12T12:55:00Z
cve,epss,percentile
CVE-2023-36539,0.00182,0.40152
