#model_version:v2026.06.15,score_date:2026-07-18T12:03:17Z
cve,epss,percentile
CVE-2023-37017,0.00752,0.50889
