#model_version:v2026.06.15,score_date:2026-09-19T12:00:21Z
cve,epss,percentile
CVE-2023-21443,0.00192,0.09139
