#model_version:v2025.03.14,score_date:2026-02-07T12:55:00Z
cve,epss,percentile
CVE-2023-2492,0.00189,0.40731
