#model_version:v2025.03.14,score_date:2025-11-19T12:55:00Z
cve,epss,percentile
CVE-2023-7156,0.00254,0.45426
