#model_version:v2025.03.14,score_date:2026-01-03T12:55:00Z
cve,epss,percentile
CVE-2023-44022,0.00423,0.61737
