#model_version:v2026.06.15,score_date:2026-09-17T12:00:22Z
cve,epss,percentile
CVE-2023-3725,0.01061,0.62945
