#model_version:v2025.03.14,score_date:2025-09-11T12:55:00Z
cve,epss,percentile
CVE-2008-0711,0.02728,0.85416
