#model_version:v2025.03.14,score_date:2025-09-27T12:55:00Z
cve,epss,percentile
CVE-2018-1610,0.00158,0.37417
