#model_version:v2026.06.15,score_date:2026-09-15T12:00:11Z
cve,epss,percentile
CVE-2018-5677,0.04005,0.89984
