#model_version:v2026.06.15,score_date:2026-09-20T12:00:23Z
cve,epss,percentile
CVE-2018-7816,0.01239,0.67789
