#model_version:v2025.03.14,score_date:2025-11-25T12:55:00Z
cve,epss,percentile
CVE-2005-3379,0.00233,0.46059
