#model_version:v2025.03.14,score_date:2025-09-13T12:55:00Z
cve,epss,percentile
CVE-2009-3235,0.02957,0.85963
