#model_version:v2025.03.14,score_date:2026-01-27T12:55:00Z
cve,epss,percentile
CVE-2006-5856,0.56658,0.98051
