#model_version:v2026.06.15,score_date:2026-09-23T12:00:20Z
cve,epss,percentile
CVE-2006-3949,0.04515,0.91102
