#model_version:v2026.06.15,score_date:2026-06-18T12:00:27Z
cve,epss,percentile
CVE-2006-6432,0.01256,0.65679
