#model_version:v2026.06.15,score_date:2026-09-22T12:02:55Z
cve,epss,percentile
CVE-2025-22366,0.00647,0.49576
