#model_version:v2025.03.14,score_date:2026-02-17T12:55:00Z
cve,epss,percentile
CVE-2025-23164,0.00045,0.13645
