#model_version:v2026.06.15,score_date:2026-09-15T12:00:11Z
cve,epss,percentile
CVE-2025-27550,0.00217,0.12282
