#model_version:v2026.06.15,score_date:2026-09-25T12:03:13Z
cve,epss,percentile
CVE-2025-64434,0.00185,0.07184
