#model_version:v2026.06.15,score_date:2026-09-21T12:03:23Z
cve,epss,percentile
CVE-2021-24935,0.00861,0.56515
