#model_version:v2026.06.15,score_date:2026-06-28T12:03:37Z
cve,epss,percentile
CVE-2021-33982,0.01084,0.61048
