#model_version:v2026.06.15,score_date:2026-09-20T12:00:23Z
cve,epss,percentile
CVE-2021-24666,0.08883,0.94978
