#model_version:v2026.06.15,score_date:2026-09-20T12:00:23Z
cve,epss,percentile
CVE-2021-44409,0.01207,0.66972
