#model_version:v2025.03.14,score_date:2025-12-17T12:55:00Z
cve,epss,percentile
CVE-2021-27948,0.00274,0.50659
