#model_version:v2026.06.15,score_date:2026-09-15T12:00:11Z
cve,epss,percentile
CVE-2021-27859,0.01615,0.74686
