#model_version:v2025.03.14,score_date:2025-11-21T12:55:00Z
cve,epss,percentile
CVE-2021-21661,0.00296,0.52497
