#model_version:v2026.06.15,score_date:2026-09-16T12:00:22Z
cve,epss,percentile
CVE-2002-0523,0.01884,0.78441
