#model_version:v2025.03.14,score_date:2026-05-01T12:55:00Z
cve,epss,percentile
CVE-2010-2450,0.00163,0.36877
