#model_version:v2026.06.15,score_date:2026-09-15T12:00:11Z
cve,epss,percentile
CVE-2022-2415,0.01878,0.78284
