#model_version:v2026.06.15,score_date:2026-09-22T12:02:55Z
cve,epss,percentile
CVE-2022-32235,0.00524,0.43419
