#model_version:v2025.03.14,score_date:2026-03-19T12:55:00Z
cve,epss,percentile
CVE-2022-38378,0.00114,0.29838
