#model_version:v2026.06.15,score_date:2026-09-18T12:00:20Z
cve,epss,percentile
CVE-2022-38001,0.01573,0.74281
