#model_version:v2025.03.14,score_date:2025-04-24T12:55:00Z
CVE-2008-5000,0.00169,0.39068
CVE-2008-5001,0.05693,0.89873
CVE-2008-5002,0.66497,0.98399
CVE-2008-5003,0.00144,0.35967
CVE-2008-5004,0.00138,0.35068
CVE-2008-5005,0.06194,0.90303
CVE-2008-5006,0.00674,0.70146
CVE-2008-5007,0.00023,0.0459
CVE-2008-5008,0.01193,0.77706
CVE-2008-5009,0.0004,0.11456
CVE-2008-5010,0.10788,0.92895
CVE-2008-5011,0.00427,0.61256
CVE-2008-5012,0.03476,0.86886
CVE-2008-5013,0.14235,0.93966
CVE-2008-5014,0.14803,0.94098
CVE-2008-5015,0.05714,0.89896
CVE-2008-5016,0.09547,0.92382
CVE-2008-5017,0.09705,0.92448
CVE-2008-5018,0.11462,0.93169
CVE-2008-5019,0.06925,0.90873
CVE-2008-5021,0.14939,0.94131
CVE-2008-5022,0.10459,0.92775
CVE-2008-5023,0.14533,0.94036
CVE-2008-5024,0.05012,0.89112
CVE-2008-5025,0.012,0.77749
CVE-2008-5026,0.1627,0.94421
CVE-2008-5027,0.00707,0.70921
CVE-2008-5028,0.01275,0.78415
CVE-2008-5029,0.00081,0.24932
CVE-2008-5030,0.06476,0.90537
CVE-2008-5031,0.03028,0.85885
CVE-2008-5032,0.16272,0.94421
CVE-2008-5033,0.00557,0.66835
CVE-2008-5034,0.00025,0.05064
CVE-2008-5035,0.01827,0.81883
CVE-2008-5036,0.69531,0.98531
CVE-2008-5037,0.00149,0.3661
CVE-2008-5038,0.23936,0.95658
CVE-2008-5039,0.01152,0.77328
CVE-2008-5040,0.02,0.8264
CVE-2008-5041,0.00585,0.67824
CVE-2008-5042,0.04793,0.88851
CVE-2008-5043,0.00326,0.54718
CVE-2008-5044,0.00743,0.71704
CVE-2008-5045,0.04157,0.8802
CVE-2008-5046,0.00195,0.42024
CVE-2008-5047,0.00195,0.42024
CVE-2008-5048,0.00232,0.46088
CVE-2008-5049,0.00153,0.37171
CVE-2008-5050,0.12646,0.93548
CVE-2008-5051,0.00178,0.40138
CVE-2008-5052,0.17066,0.94569
CVE-2008-5053,0.005,0.64617
CVE-2008-5054,0.00169,0.39068
CVE-2008-5055,0.00706,0.70901
CVE-2008-5056,0.00329,0.55043
CVE-2008-5057,0.0021,0.4373
CVE-2008-5058,0.0036,0.57224
CVE-2008-5059,0.01346,0.78975
CVE-2008-5060,0.01179,0.77569
CVE-2008-5061,0.05432,0.89592
CVE-2008-5062,0.06599,0.90628
CVE-2008-5063,0.02484,0.84411
CVE-2008-5064,0.00184,0.40738
CVE-2008-5065,0.01767,0.81583
CVE-2008-5066,0.01196,0.77721
CVE-2008-5067,0.00144,0.35901
CVE-2008-5068,0.00195,0.4199
CVE-2008-5069,0.00138,0.35068
CVE-2008-5070,0.00144,0.35967
CVE-2008-5071,0.02339,0.83939
CVE-2008-5072,0.04043,0.87854
CVE-2008-5073,0.04838,0.88908
CVE-2008-5074,0.00144,0.35967
CVE-2008-5075,0.00157,0.37602
CVE-2008-5076,0.00067,0.21184
CVE-2008-5077,0.01066,0.76479
CVE-2008-5078,0.04964,0.89055
CVE-2008-5079,0.00986,0.7559
CVE-2008-5080,0.00357,0.56997
CVE-2008-5081,0.71171,0.98599
CVE-2008-5082,0.00196,0.42106
CVE-2008-5083,0.00328,0.54889
CVE-2008-5086,0.00047,0.14389
CVE-2008-5087,0.00366,0.57589
CVE-2008-5088,0.00132,0.34162
CVE-2008-5089,0.00858,0.73772
CVE-2008-5090,0.11204,0.93077
CVE-2008-5091,0.008,0.72766
CVE-2008-5092,0.00308,0.53323
CVE-2008-5093,0.00566,0.67185
CVE-2008-5094,0.00308,0.53323
CVE-2008-5095,0.00271,0.50251
CVE-2008-5096,0.00283,0.51247
CVE-2008-5097,0.0039,0.58973
CVE-2008-5098,0.00441,0.61993
CVE-2008-5099,0.00067,0.21222
CVE-2008-5100,0.2776,0.96115
CVE-2008-5101,0.02265,0.83688
CVE-2008-5102,0.11195,0.93075
CVE-2008-5103,0.0006,0.19205
CVE-2008-5104,0.0006,0.19205
CVE-2008-5105,0.02491,0.84428
CVE-2008-5106,0.0282,0.85364
CVE-2008-5107,0.00103,0.29448
CVE-2008-5108,0.02728,0.85136
CVE-2008-5109,0.00778,0.72363
CVE-2008-5110,0.00962,0.75262
CVE-2008-5111,0.00051,0.16012
CVE-2008-5112,0.32143,0.96525
CVE-2008-5113,0.00298,0.52554
CVE-2008-5114,0.00441,0.61993
CVE-2008-5115,0.0068,0.70318
CVE-2008-5116,0.00724,0.71287
CVE-2008-5117,0.01256,0.7825
CVE-2008-5118,0.00638,0.69261
CVE-2008-5119,0.00254,0.48736
CVE-2008-5120,0.09298,0.92262
CVE-2008-5121,0.00277,0.50763
CVE-2008-5122,0.00403,0.59819
CVE-2008-5123,0.00195,0.42024
CVE-2008-5124,0.01306,0.78651
CVE-2008-5125,0.02237,0.836
CVE-2008-5126,0.01346,0.78975
CVE-2008-5127,0.00294,0.52191
CVE-2008-5128,0.00294,0.52191
CVE-2008-5129,0.00294,0.52191
CVE-2008-5130,0.00294,0.52191
CVE-2008-5131,0.00195,0.42024
CVE-2008-5132,0.00468,0.63208
CVE-2008-5133,0.00333,0.55289
CVE-2008-5134,0.02819,0.85354
CVE-2008-5135,0.00083,0.25279
CVE-2008-5136,0.00024,0.04886
CVE-2008-5137,0.00029,0.06748
CVE-2008-5138,0.00025,0.05064
CVE-2008-5139,0.00025,0.05064
CVE-2008-5140,0.00036,0.09212
CVE-2008-5141,0.00028,0.06194
CVE-2008-5142,0.00024,0.04886
CVE-2008-5143,0.00024,0.04886
CVE-2008-5144,0.00024,0.04886
CVE-2008-5145,0.00026,0.05491
CVE-2008-5146,0.00024,0.04886
CVE-2008-5147,0.00025,0.05064
CVE-2008-5148,0.00028,0.06194
CVE-2008-5149,0.00026,0.05491
CVE-2008-5150,0.00025,0.05064
CVE-2008-5151,0.00024,0.04886
CVE-2008-5152,0.00025,0.05064
CVE-2008-5153,0.0003,0.07003
CVE-2008-5154,0.00025,0.05064
CVE-2008-5155,0.00157,0.37622
CVE-2008-5156,0.00026,0.05491
CVE-2008-5157,0.00027,0.05813
CVE-2008-5158,0.00638,0.69259
CVE-2008-5159,0.74971,0.98783
CVE-2008-5160,0.0243,0.84224
CVE-2008-5161,0.03067,0.85989
CVE-2008-5162,0.00063,0.19893
CVE-2008-5163,0.00164,0.38482
CVE-2008-5164,0.00831,0.73296
CVE-2008-5165,0.00706,0.70901
CVE-2008-5166,0.00219,0.44749
CVE-2008-5167,0.01518,0.80194
CVE-2008-5168,0.00219,0.44749
CVE-2008-5169,0.00212,0.44011
CVE-2008-5170,0.00184,0.40775
CVE-2008-5171,0.01405,0.79389
CVE-2008-5172,0.00296,0.52455
CVE-2008-5173,0.00524,0.65698
CVE-2008-5174,0.00212,0.44011
CVE-2008-5175,0.01599,0.80664
CVE-2008-5176,0.08204,0.91707
CVE-2008-5177,0.11817,0.93283
CVE-2008-5178,0.45354,0.97396
CVE-2008-5179,0.30148,0.96354
CVE-2008-5180,0.84723,0.99258
CVE-2008-5181,0.18248,0.94802
CVE-2008-5182,0.00047,0.14391
CVE-2008-5183,0.01973,0.82504
CVE-2008-5184,0.00285,0.51454
CVE-2008-5185,0.03261,0.86422
CVE-2008-5186,0.00958,0.75215
CVE-2008-5187,0.02649,0.84926
CVE-2008-5188,0.00044,0.13139
CVE-2008-5189,0.00155,0.37391
CVE-2008-5190,0.00438,0.61852
CVE-2008-5191,0.55521,0.97892
CVE-2008-5192,0.00195,0.42024
CVE-2008-5193,0.01549,0.80376
CVE-2008-5194,0.00455,0.62649
CVE-2008-5195,0.00172,0.39474
CVE-2008-5196,0.00144,0.35967
CVE-2008-5197,0.00356,0.56927
CVE-2008-5198,0.00144,0.35967
CVE-2008-5199,0.02786,0.85271
CVE-2008-5200,0.00011,0.00852
CVE-2008-5201,0.00839,0.73445
CVE-2008-5202,0.01152,0.77328
CVE-2008-5203,0.01017,0.75951
CVE-2008-5204,0.01124,0.77068
CVE-2008-5205,0.00254,0.48736
CVE-2008-5206,0.00498,0.64522
CVE-2008-5207,0.00132,0.34249
CVE-2008-5208,0.00013,0.01339
CVE-2008-5209,0.01666,0.8105
CVE-2008-5210,0.01118,0.77006
CVE-2008-5211,0.03788,0.87422
CVE-2008-5212,0.00144,0.35967
CVE-2008-5213,0.00172,0.39474
CVE-2008-5214,0.01152,0.77328
CVE-2008-5215,0.00144,0.35967
CVE-2008-5216,0.00144,0.35967
CVE-2008-5217,0.01274,0.78407
CVE-2008-5218,0.02888,0.85556
CVE-2008-5219,0.0221,0.8353
CVE-2008-5220,0.06486,0.90546
CVE-2008-5221,0.02166,0.83348
CVE-2008-5222,0.00195,0.42024
CVE-2008-5223,0.00195,0.42024
CVE-2008-5224,0.00329,0.55043
CVE-2008-5225,0.03647,0.87191
CVE-2008-5226,0.00167,0.3883
CVE-2008-5227,0.0523,0.89385
CVE-2008-5228,0.00463,0.63031
CVE-2008-5229,0.01293,0.78556
CVE-2008-5230,0.01114,0.7696
CVE-2008-5231,0.11107,0.93049
CVE-2008-5232,0.46192,0.97438
CVE-2008-5233,0.01413,0.79444
CVE-2008-5234,0.05523,0.89686
CVE-2008-5235,0.03478,0.8689
CVE-2008-5236,0.05523,0.89686
CVE-2008-5237,0.05763,0.89941
CVE-2008-5238,0.0316,0.86194
CVE-2008-5239,0.02065,0.82899
CVE-2008-5240,0.03047,0.8593
CVE-2008-5241,0.01336,0.78875
CVE-2008-5242,0.01051,0.76344
CVE-2008-5243,0.01369,0.7915
CVE-2008-5244,0.00435,0.61747
CVE-2008-5245,0.01499,0.80077
CVE-2008-5246,0.04348,0.88271
CVE-2008-5247,0.01036,0.76165
CVE-2008-5248,0.00564,0.6712
CVE-2008-5249,0.00332,0.55234
CVE-2008-5250,0.00266,0.4987
CVE-2008-5252,0.00311,0.53504
CVE-2008-5256,0.00033,0.07888
CVE-2008-5257,0.00759,0.72002
CVE-2008-5259,0.05197,0.89341
CVE-2008-5260,0.13355,0.93745
CVE-2008-5262,0.01716,0.81316
CVE-2008-5263,0.01573,0.80502
CVE-2008-5264,0.01838,0.81942
CVE-2008-5265,0.01769,0.816
CVE-2008-5266,0.01054,0.76362
CVE-2008-5267,0.00144,0.35967
CVE-2008-5268,0.00172,0.39474
CVE-2008-5269,0.00127,0.33498
CVE-2008-5270,0.00127,0.33498
CVE-2008-5271,0.01346,0.78975
CVE-2008-5272,0.02051,0.82843
CVE-2008-5273,0.00202,0.42812
CVE-2008-5274,0.01769,0.81605
CVE-2008-5275,0.0043,0.6137
CVE-2008-5276,0.12455,0.93501
CVE-2008-5277,0.0003,0.06969
CVE-2008-5278,0.02389,0.84097
CVE-2008-5279,0.0593,0.90079
CVE-2008-5280,0.08325,0.91772
CVE-2008-5281,0.05497,0.89652
CVE-2008-5282,0.46083,0.9743
CVE-2008-5283,0.01168,0.77477
CVE-2008-5284,0.12972,0.93633
CVE-2008-5285,0.0242,0.84198
CVE-2008-5286,0.10607,0.9283
CVE-2008-5287,0.00456,0.62675
CVE-2008-5288,0.03075,0.86011
CVE-2008-5289,0.00581,0.67665
CVE-2008-5290,0.01346,0.78975
CVE-2008-5291,0.01712,0.81292
CVE-2008-5292,0.00456,0.62675
CVE-2008-5293,0.00212,0.44011
CVE-2008-5294,0.00212,0.44011
CVE-2008-5295,0.00202,0.42812
CVE-2008-5296,0.00306,0.53147
CVE-2008-5297,0.14626,0.94056
CVE-2008-5298,0.00061,0.19418
CVE-2008-5299,0.00021,0.03981
CVE-2008-5300,0.00078,0.24171
CVE-2008-5301,0.00569,0.67306
CVE-2008-5302,0.00053,0.16746
CVE-2008-5303,0.00032,0.07729
CVE-2008-5304,0.02881,0.85535
CVE-2008-5305,0.03713,0.87301
CVE-2008-5306,0.00456,0.62675
CVE-2008-5307,0.00552,0.66707
CVE-2008-5308,0.07047,0.90968
CVE-2008-5309,0.00144,0.35967
CVE-2008-5310,0.00318,0.54074
CVE-2008-5311,0.00167,0.38747
CVE-2008-5312,0.00024,0.04756
CVE-2008-5313,0.00024,0.04756
CVE-2008-5314,0.26689,0.96004
CVE-2008-5315,0.0015,0.36722
CVE-2008-5316,0.01844,0.81967
CVE-2008-5317,0.00949,0.751
CVE-2008-5318,0.00542,0.66357
CVE-2008-5319,0.00542,0.66357
CVE-2008-5320,0.00317,0.53995
CVE-2008-5321,0.00144,0.35967
CVE-2008-5322,0.0231,0.83842
CVE-2008-5323,0.01601,0.80681
CVE-2008-5324,0.00202,0.42875
CVE-2008-5325,0.00358,0.57048
CVE-2008-5326,0.00065,0.20719
CVE-2008-5327,0.00393,0.59168
CVE-2008-5328,0.00722,0.71255
CVE-2008-5329,0.0052,0.65552
CVE-2008-5330,0.0225,0.83636
CVE-2008-5331,0.00781,0.7241
CVE-2008-5332,0.00942,0.75013
CVE-2008-5333,0.00144,0.35967
CVE-2008-5334,0.01249,0.78198
CVE-2008-5335,0.0082,0.73111
CVE-2008-5336,0.00435,0.61704
CVE-2008-5337,0.00187,0.41182
CVE-2008-5338,0.01371,0.79168
CVE-2008-5339,0.01549,0.80379
CVE-2008-5340,0.05436,0.89596
CVE-2008-5341,0.01168,0.77472
CVE-2008-5342,0.01168,0.77472
CVE-2008-5343,0.03429,0.86784
CVE-2008-5344,0.0159,0.80618
CVE-2008-5345,0.04978,0.8907
CVE-2008-5346,0.0379,0.87425
CVE-2008-5347,0.02957,0.85716
CVE-2008-5348,0.1076,0.92888
CVE-2008-5349,0.043,0.88209
CVE-2008-5350,0.01552,0.80393
CVE-2008-5351,0.03613,0.87123
CVE-2008-5352,0.09608,0.92409
CVE-2008-5353,0.9129,0.99613
CVE-2008-5354,0.24707,0.95772
CVE-2008-5355,0.10728,0.92878
CVE-2008-5356,0.05881,0.90045
CVE-2008-5357,0.03105,0.86074
CVE-2008-5358,0.19726,0.95058
CVE-2008-5359,0.31853,0.96502
CVE-2008-5360,0.02844,0.8544
CVE-2008-5361,0.01326,0.78801
CVE-2008-5362,0.01326,0.78801
CVE-2008-5363,0.01834,0.81915
CVE-2008-5364,0.04748,0.88796
CVE-2008-5365,0.00457,0.62732
CVE-2008-5366,0.00024,0.04886
CVE-2008-5367,0.00024,0.04886
CVE-2008-5368,0.00026,0.05491
CVE-2008-5369,0.00024,0.04886
CVE-2008-5370,0.00024,0.04886
CVE-2008-5371,0.00024,0.04886
CVE-2008-5372,0.00024,0.04886
CVE-2008-5373,0.00034,0.08657
CVE-2008-5374,0.00054,0.17136
CVE-2008-5375,0.00025,0.05064
CVE-2008-5376,0.00024,0.04886
CVE-2008-5377,0.0019,0.41459
CVE-2008-5378,0.00024,0.04886
CVE-2008-5379,0.00024,0.04886
CVE-2008-5380,0.0001,0.00684
CVE-2008-5381,0.12861,0.93607
CVE-2008-5382,0.00261,0.49332
CVE-2008-5383,0.05236,0.89391
CVE-2008-5384,0.00046,0.13742
CVE-2008-5385,0.0004,0.11456
CVE-2008-5386,0.00051,0.15881
CVE-2008-5387,0.00049,0.15022
CVE-2008-5393,0.00573,0.67401
CVE-2008-5394,0.00083,0.25492
CVE-2008-5395,0.0006,0.18994
CVE-2008-5396,0.00033,0.08186
CVE-2008-5397,0.00045,0.13578
CVE-2008-5398,0.00875,0.74029
CVE-2008-5399,0.00475,0.63598
CVE-2008-5400,0.00437,0.61849
CVE-2008-5401,0.26693,0.96006
CVE-2008-5402,0.1877,0.94895
CVE-2008-5403,0.25557,0.95864
CVE-2008-5404,0.03819,0.87477
CVE-2008-5405,0.82978,0.99179
CVE-2008-5406,0.07049,0.9097
CVE-2008-5407,0.01388,0.79286
CVE-2008-5408,0.04959,0.89051
CVE-2008-5409,0.24398,0.95737
CVE-2008-5410,0.0115,0.77304
CVE-2008-5411,0.00427,0.61256
CVE-2008-5412,0.01047,0.76303
CVE-2008-5413,0.00337,0.55656
CVE-2008-5414,0.00984,0.75576
CVE-2008-5415,0.15626,0.94277
CVE-2008-5416,0.89069,0.99477
CVE-2008-5417,0.00079,0.24546
CVE-2008-5418,0.01274,0.78407
CVE-2008-5419,0.24239,0.95723
CVE-2008-5420,0.00762,0.72045
CVE-2008-5421,0.00501,0.64629
CVE-2008-5422,0.01439,0.79611
CVE-2008-5423,0.00064,0.20219
CVE-2008-5424,0.28809,0.96234
CVE-2008-5425,0.00698,0.707
CVE-2008-5426,0.00574,0.67433
CVE-2008-5427,0.00868,0.73927
CVE-2008-5428,0.00574,0.67433
CVE-2008-5429,0.00574,0.67433
CVE-2008-5430,0.00564,0.6712
CVE-2008-5431,0.03275,0.86451
CVE-2008-5432,0.0065,0.69577
CVE-2008-5433,0.00329,0.55043
CVE-2008-5434,0.00601,0.68229
CVE-2008-5435,0.00285,0.51559
CVE-2008-5436,0.00923,0.74745
CVE-2008-5437,0.00383,0.58527
CVE-2008-5438,0.00554,0.66763
CVE-2008-5439,0.00379,0.58345
CVE-2008-5440,0.02437,0.84249
CVE-2008-5441,0.01392,0.79312
CVE-2008-5442,0.01392,0.79312
CVE-2008-5443,0.01392,0.79312
CVE-2008-5444,0.7853,0.98954
CVE-2008-5445,0.01658,0.81006
CVE-2008-5446,0.00379,0.58345
CVE-2008-5447,0.00262,0.49395
CVE-2008-5448,0.84009,0.99225
CVE-2008-5449,0.04489,0.88459
CVE-2008-5450,0.00205,0.43079
CVE-2008-5451,0.00215,0.44319
CVE-2008-5452,0.00262,0.49395
CVE-2008-5454,0.00262,0.49395
CVE-2008-5455,0.00262,0.49395
CVE-2008-5456,0.00262,0.49395
CVE-2008-5457,0.81175,0.99089
CVE-2008-5458,0.00262,0.49395
CVE-2008-5459,0.00334,0.554
CVE-2008-5460,0.00334,0.554
CVE-2008-5461,0.00955,0.75171
CVE-2008-5462,0.00751,0.71855
CVE-2008-5463,0.00262,0.49395
CVE-2008-5486,0.00167,0.38747
CVE-2008-5487,0.01327,0.78815
CVE-2008-5488,0.00397,0.59446
CVE-2008-5489,0.00472,0.63352
CVE-2008-5490,0.00456,0.62675
CVE-2008-5491,0.00144,0.35967
CVE-2008-5492,0.70177,0.98558
CVE-2008-5493,0.00573,0.67407
CVE-2008-5494,0.00172,0.39474
CVE-2008-5495,0.0198,0.8254
CVE-2008-5496,0.00573,0.67407
CVE-2008-5497,0.02,0.8264
CVE-2008-5498,0.11101,0.93047
CVE-2008-5499,0.88589,0.99452
CVE-2008-5500,0.03551,0.87024
CVE-2008-5501,0.03394,0.86695
CVE-2008-5502,0.02809,0.85335
CVE-2008-5503,0.00842,0.7349
CVE-2008-5504,0.02755,0.852
CVE-2008-5505,0.00833,0.73337
CVE-2008-5506,0.01236,0.78095
CVE-2008-5507,0.00535,0.66125
CVE-2008-5508,0.02217,0.83547
CVE-2008-5510,0.01132,0.77138
CVE-2008-5511,0.01798,0.81739
CVE-2008-5512,0.03853,0.87553
CVE-2008-5513,0.01647,0.80941
CVE-2008-5514,0.01071,0.76519
CVE-2008-5515,0.53988,0.97818
CVE-2008-5516,0.01303,0.78631
CVE-2008-5517,0.05371,0.89526
CVE-2008-5518,0.15783,0.94314
CVE-2008-5519,0.05777,0.89954
CVE-2008-5520,0.00329,0.55077
CVE-2008-5521,0.00329,0.55077
CVE-2008-5522,0.00352,0.56686
CVE-2008-5523,0.00352,0.56686
CVE-2008-5524,0.00329,0.55077
CVE-2008-5525,0.00399,0.59532
CVE-2008-5526,0.00352,0.56686
CVE-2008-5527,0.00329,0.55077
CVE-2008-5528,0.00139,0.35175
CVE-2008-5529,0.00352,0.56686
CVE-2008-5530,0.00329,0.55077
CVE-2008-5531,0.00352,0.56686
CVE-2008-5532,0.00329,0.55077
CVE-2008-5533,0.00352,0.56686
CVE-2008-5534,0.00352,0.56686
CVE-2008-5535,0.00352,0.56686
CVE-2008-5536,0.0031,0.53477
CVE-2008-5537,0.00352,0.56686
CVE-2008-5538,0.00329,0.55077
CVE-2008-5539,0.00132,0.34157
CVE-2008-5540,0.00329,0.55077
CVE-2008-5541,0.00855,0.73732
CVE-2008-5542,0.00329,0.55077
CVE-2008-5543,0.00594,0.6804
CVE-2008-5544,0.00329,0.55077
CVE-2008-5545,0.00352,0.56686
CVE-2008-5546,0.00329,0.55077
CVE-2008-5547,0.00329,0.55077
CVE-2008-5548,0.00329,0.55077
CVE-2008-5549,0.00463,0.63034
CVE-2008-5550,0.00638,0.69261
CVE-2008-5551,0.20557,0.95187
CVE-2008-5552,0.08062,0.91632
CVE-2008-5553,0.1369,0.93835
CVE-2008-5554,0.1369,0.93835
CVE-2008-5555,0.15465,0.94236
CVE-2008-5556,0.11107,0.93049
CVE-2008-5557,0.209,0.95233
CVE-2008-5558,0.01989,0.82575
CVE-2008-5559,0.00195,0.42024
CVE-2008-5560,0.02888,0.85556
CVE-2008-5561,0.00144,0.35967
CVE-2008-5562,0.01744,0.8145
CVE-2008-5563,0.01811,0.81806
CVE-2008-5564,0.0073,0.71406
CVE-2008-5565,0.00148,0.36566
CVE-2008-5566,0.04383,0.88316
CVE-2008-5567,0.00148,0.36566
CVE-2008-5568,0.00148,0.36566
CVE-2008-5569,0.01876,0.82101
CVE-2008-5570,0.03602,0.87104
CVE-2008-5571,0.00669,0.70067
CVE-2008-5572,0.03538,0.87003
CVE-2008-5573,0.00421,0.6087
CVE-2008-5574,0.00391,0.59095
CVE-2008-5575,0.00497,0.64484
CVE-2008-5576,0.01767,0.81583
CVE-2008-5577,0.0083,0.73266
CVE-2008-5578,0.00127,0.33498
CVE-2008-5579,0.01666,0.8105
CVE-2008-5580,0.02946,0.85685
CVE-2008-5581,0.01135,0.77175
CVE-2008-5582,0.00127,0.33498
CVE-2008-5583,0.0028,0.50998
CVE-2008-5584,0.01838,0.81942
CVE-2008-5585,0.01257,0.78259
CVE-2008-5586,0.00169,0.39068
CVE-2008-5587,0.02751,0.85188
CVE-2008-5588,0.00144,0.35967
CVE-2008-5589,0.00172,0.39474
CVE-2008-5590,0.00144,0.35967
CVE-2008-5591,0.01549,0.80376
CVE-2008-5592,0.02835,0.85411
CVE-2008-5593,0.01488,0.79997
CVE-2008-5594,0.01712,0.81292
CVE-2008-5595,0.00456,0.62675
CVE-2008-5596,0.02508,0.84488
CVE-2008-5597,0.02152,0.83304
CVE-2008-5598,0.01472,0.79847
CVE-2008-5599,0.00195,0.42024
CVE-2008-5600,0.02835,0.85411
CVE-2008-5601,0.02835,0.85411
CVE-2008-5602,0.02152,0.83304
CVE-2008-5603,0.02835,0.85411
CVE-2008-5604,0.03602,0.87104
CVE-2008-5605,0.00149,0.36656
CVE-2008-5606,0.02434,0.84242
CVE-2008-5607,0.00127,0.33498
CVE-2008-5608,0.0271,0.85091
CVE-2008-5609,0.00413,0.60422
CVE-2008-5616,0.30642,0.96405
CVE-2008-5617,0.00763,0.7209
CVE-2008-5618,0.00474,0.6346
CVE-2008-5619,0.7718,0.98888
CVE-2008-5620,0.00638,0.69255
CVE-2008-5621,0.00564,0.67105
CVE-2008-5624,0.02728,0.85138
CVE-2008-5625,0.14829,0.94105
CVE-2008-5626,0.79294,0.98993
CVE-2008-5627,0.00149,0.36626
CVE-2008-5628,0.00144,0.35967
CVE-2008-5629,0.00175,0.39781
CVE-2008-5630,0.00421,0.6087
CVE-2008-5631,0.00162,0.38144
CVE-2008-5632,0.00162,0.38207
CVE-2008-5633,0.00149,0.36626
CVE-2008-5634,0.00149,0.36626
CVE-2008-5635,0.00149,0.36626
CVE-2008-5636,0.00421,0.6087
CVE-2008-5637,0.00129,0.33796
CVE-2008-5638,0.00169,0.39068
CVE-2008-5639,0.01666,0.8105
CVE-2008-5640,0.00421,0.6087
CVE-2008-5641,0.00169,0.39068
CVE-2008-5642,0.06404,0.9048
CVE-2008-5643,0.0001,0.00715
CVE-2008-5644,0.00357,0.56969
CVE-2008-5645,0.00245,0.47789
CVE-2008-5646,0.005,0.64617
CVE-2008-5647,0.00375,0.58077
CVE-2008-5648,0.00169,0.39068
CVE-2008-5649,0.00654,0.69677
CVE-2008-5650,0.00231,0.45972
CVE-2008-5651,0.00372,0.57921
CVE-2008-5652,0.00529,0.65923
CVE-2008-5653,0.00169,0.39068
CVE-2008-5654,0.00195,0.42024
CVE-2008-5655,0.00145,0.36153
CVE-2008-5656,0.00254,0.48736
CVE-2008-5657,0.01449,0.79661
CVE-2008-5658,0.04026,0.8783
CVE-2008-5659,0.01951,0.82417
CVE-2008-5660,0.02046,0.82827
CVE-2008-5661,0.00918,0.74667
CVE-2008-5662,0.02557,0.84648
CVE-2008-5663,0.13793,0.93866
CVE-2008-5664,0.78207,0.9894
CVE-2008-5665,0.00144,0.35967
CVE-2008-5666,0.63292,0.98256
CVE-2008-5667,0.0394,0.8769
CVE-2008-5668,0.00329,0.55043
CVE-2008-5669,0.00742,0.71669
CVE-2008-5670,0.00548,0.66574
CVE-2008-5671,0.00043,0.12597
CVE-2008-5672,0.00126,0.33316
CVE-2008-5673,0.00294,0.52204
CVE-2008-5674,0.22976,0.95518
CVE-2008-5675,0.00531,0.66005
CVE-2008-5676,0.00317,0.54006
CVE-2008-5677,0.03907,0.87645
CVE-2008-5678,0.028,0.85317
CVE-2008-5679,0.01346,0.78978
CVE-2008-5680,0.19947,0.9509
CVE-2008-5681,0.00357,0.56997
CVE-2008-5682,0.00475,0.63598
CVE-2008-5683,0.00384,0.58608
CVE-2008-5684,0.01076,0.76577
CVE-2008-5685,0.02709,0.85081
CVE-2008-5686,0.00831,0.73294
CVE-2008-5687,0.00373,0.57963
CVE-2008-5688,0.00332,0.55261
CVE-2008-5689,0.00292,0.52057
CVE-2008-5690,0.00043,0.12483
CVE-2008-5691,0.06659,0.90676
CVE-2008-5692,0.01245,0.78167
CVE-2008-5693,0.00062,0.19841
CVE-2008-5694,0.00941,0.75003
CVE-2008-5695,0.1726,0.94624
CVE-2008-5696,0.02792,0.85288
CVE-2008-5697,0.02244,0.83623
CVE-2008-5698,0.08512,0.91863
CVE-2008-5699,0.0005,0.15456
CVE-2008-5700,0.00083,0.25282
CVE-2008-5701,0.0006,0.18916
CVE-2008-5702,0.00061,0.19323
CVE-2008-5703,0.00028,0.06194
CVE-2008-5704,0.00163,0.38299
CVE-2008-5705,0.07662,0.91391
CVE-2008-5706,0.00063,0.20034
CVE-2008-5707,0.00112,0.30949
CVE-2008-5708,0.01823,0.81862
CVE-2008-5709,0.05212,0.89359
CVE-2008-5710,0.00516,0.65359
CVE-2008-5711,0.55683,0.979
CVE-2008-5712,0.02295,0.83794
CVE-2008-5713,0.00094,0.27716
CVE-2008-5714,0.00748,0.71798
CVE-2008-5715,0.10853,0.92952
CVE-2008-5716,0.00064,0.20299
CVE-2008-5717,0.00284,0.51384
CVE-2008-5718,0.02405,0.84149
CVE-2008-5719,0.00309,0.53405
CVE-2008-5720,0.00475,0.63598
CVE-2008-5721,0.00351,0.56601
CVE-2008-5722,0.09868,0.92523
CVE-2008-5723,0.00106,0.29974
CVE-2008-5724,0.00211,0.43879
CVE-2008-5725,0.00112,0.31126
CVE-2008-5726,0.00172,0.39474
CVE-2008-5727,0.00154,0.37298
CVE-2008-5728,0.01274,0.78407
CVE-2008-5729,0.01152,0.77328
CVE-2008-5730,0.0172,0.81326
CVE-2008-5731,0.00222,0.45018
CVE-2008-5732,0.11409,0.93148
CVE-2008-5733,0.00172,0.39474
CVE-2008-5734,0.00329,0.55043
CVE-2008-5735,0.16754,0.94522
CVE-2008-5736,0.00314,0.53778
CVE-2008-5737,0.00456,0.62675
CVE-2008-5738,0.02375,0.84056
CVE-2008-5739,0.00149,0.36656
CVE-2008-5742,0.01158,0.7739
CVE-2008-5743,0.00025,0.05194
CVE-2008-5744,0.00034,0.08223
CVE-2008-5745,0.44318,0.9734
CVE-2008-5746,0.00036,0.09212
CVE-2008-5747,0.00498,0.6454
CVE-2008-5748,0.07636,0.91374
CVE-2008-5749,0.02982,0.85772
CVE-2008-5750,0.19617,0.95038
CVE-2008-5751,0.00143,0.35774
CVE-2008-5752,0.06314,0.90404
CVE-2008-5753,0.2244,0.95436
CVE-2008-5754,0.06784,0.90774
CVE-2008-5755,0.08649,0.91931
CVE-2008-5756,0.09724,0.92458
CVE-2008-5757,0.00209,0.43629
CVE-2008-5758,0.00205,0.43132
CVE-2008-5759,0.00164,0.38476
CVE-2008-5760,0.00516,0.65359
CVE-2008-5761,0.05071,0.89188
CVE-2008-5762,0.02835,0.85411
CVE-2008-5763,0.01285,0.78496
CVE-2008-5764,0.10417,0.92747
CVE-2008-5765,0.03602,0.87104
CVE-2008-5766,0.00129,0.33796
CVE-2008-5767,0.00169,0.39068
CVE-2008-5768,0.00144,0.35915
CVE-2008-5769,0.00516,0.65359
CVE-2008-5770,0.01884,0.82132
CVE-2008-5771,0.01488,0.79997
CVE-2008-5772,0.00573,0.67407
CVE-2008-5773,0.02508,0.84488
CVE-2008-5774,0.00169,0.39068
CVE-2008-5775,0.00144,0.35967
CVE-2008-5776,0.00713,0.71055
CVE-2008-5777,0.00144,0.35967
CVE-2008-5778,0.00605,0.68352
CVE-2008-5779,0.00216,0.44407
CVE-2008-5780,0.02152,0.83304
CVE-2008-5781,0.00158,0.37659
CVE-2008-5782,0.00172,0.39474
CVE-2008-5783,0.04996,0.89095
CVE-2008-5784,0.03376,0.86656
CVE-2008-5785,0.00172,0.39474
CVE-2008-5786,0.00475,0.63598
CVE-2008-5787,0.06558,0.90595
CVE-2008-5788,0.00456,0.62675
CVE-2008-5789,0.01104,0.76856
CVE-2008-5790,0.00332,0.55256
CVE-2008-5791,0.0042,0.60796
CVE-2008-5792,0.05226,0.89381
CVE-2008-5793,0.00575,0.67471
CVE-2008-5794,0.01953,0.82421
CVE-2008-5795,0.00309,0.53405
CVE-2008-5796,0.00397,0.59446
CVE-2008-5797,0.00413,0.60422
CVE-2008-5798,0.00413,0.60422
CVE-2008-5799,0.00296,0.52455
CVE-2008-5800,0.00354,0.56803
CVE-2008-5801,0.00995,0.75699
CVE-2008-5802,0.00195,0.42024
CVE-2008-5803,0.00195,0.42024
CVE-2008-5804,0.00202,0.42812
CVE-2008-5805,0.00172,0.39474
CVE-2008-5806,0.00456,0.62675
CVE-2008-5807,0.00285,0.51559
CVE-2008-5808,0.00475,0.63598
CVE-2008-5809,0.00285,0.51443
CVE-2008-5810,0.03704,0.87287
CVE-2008-5811,0.00014,0.01718
CVE-2008-5812,0.00382,0.58508
CVE-2008-5813,0.00721,0.71219
CVE-2008-5814,0.01142,0.7725
CVE-2008-5815,0.00127,0.33455
CVE-2008-5816,0.00144,0.35967
CVE-2008-5817,0.00272,0.503
CVE-2008-5818,0.01769,0.816
CVE-2008-5819,0.01488,0.79997
CVE-2008-5820,0.00169,0.39068
CVE-2008-5821,0.11863,0.93298
CVE-2008-5822,0.00501,0.64629
CVE-2008-5823,0.13707,0.93839
CVE-2008-5824,0.12636,0.93545
CVE-2008-5825,0.00661,0.699
CVE-2008-5826,0.02595,0.84751
CVE-2008-5827,0.01957,0.82435
CVE-2008-5828,0.17855,0.94731
CVE-2008-5838,0.00456,0.62675
CVE-2008-5839,0.06247,0.90345
CVE-2008-5840,0.02,0.8264
CVE-2008-5841,0.00158,0.37659
CVE-2008-5842,0.00263,0.49498
CVE-2008-5843,0.00069,0.21803
CVE-2008-5844,0.0052,0.65544
CVE-2008-5845,0.00254,0.48736
CVE-2008-5846,0.00152,0.37034
CVE-2008-5847,0.01518,0.80196
CVE-2008-5848,0.00884,0.74144
CVE-2008-5849,0.00516,0.65395
CVE-2008-5851,0.00129,0.33796
CVE-2008-5852,0.02835,0.85411
CVE-2008-5853,0.02983,0.85773
CVE-2008-5854,0.01549,0.80376
CVE-2008-5855,0.02835,0.85411
CVE-2008-5856,0.06361,0.90441
CVE-2008-5857,0.00575,0.67467
CVE-2008-5858,0.00285,0.51559
CVE-2008-5859,0.00169,0.39068
CVE-2008-5860,0.01313,0.78706
CVE-2008-5861,0.01944,0.82386
CVE-2008-5862,0.08807,0.9201
CVE-2008-5863,0.00144,0.35967
CVE-2008-5864,0.00149,0.36687
CVE-2008-5865,0.00209,0.43641
CVE-2008-5866,0.0091,0.74539
CVE-2008-5867,0.00092,0.27426
CVE-2008-5868,0.03978,0.87741
CVE-2008-5869,0.01327,0.78815
CVE-2008-5870,0.0198,0.82541
CVE-2008-5871,0.01039,0.76214
CVE-2008-5872,0.0215,0.83292
CVE-2008-5873,0.02298,0.83806
CVE-2008-5874,0.0015,0.36701
CVE-2008-5875,0.0015,0.36701
CVE-2008-5876,0.02802,0.85322
CVE-2008-5877,0.00184,0.40775
CVE-2008-5878,0.01615,0.80771
CVE-2008-5879,0.01346,0.78975
CVE-2008-5880,0.02,0.8264
CVE-2008-5881,0.03418,0.86755
CVE-2008-5882,0.00858,0.73758
CVE-2008-5883,0.01715,0.81312
CVE-2008-5884,0.03952,0.87705
CVE-2008-5885,0.03425,0.86775
CVE-2008-5886,0.02152,0.83304
CVE-2008-5887,0.0092,0.74706
CVE-2008-5888,0.00169,0.39068
CVE-2008-5889,0.00193,0.41799
CVE-2008-5890,0.00236,0.46586
CVE-2008-5891,0.00144,0.35901
CVE-2008-5892,0.00169,0.39068
CVE-2008-5893,0.01346,0.78975
CVE-2008-5894,0.01769,0.816
CVE-2008-5895,0.00169,0.38998
CVE-2008-5896,0.01866,0.82047
CVE-2008-5897,0.01923,0.82314
CVE-2008-5898,0.02635,0.84858
CVE-2008-5899,0.01923,0.82314
CVE-2008-5900,0.02635,0.84858
CVE-2008-5901,0.01649,0.80955
CVE-2008-5902,0.02593,0.84747
CVE-2008-5903,0.02008,0.82675
CVE-2008-5904,0.03107,0.86078
CVE-2008-5905,0.00196,0.42158
CVE-2008-5906,0.01158,0.77389
CVE-2008-5907,0.0058,0.67626
CVE-2008-5908,0.00052,0.16226
CVE-2008-5909,0.00056,0.17625
CVE-2008-5910,0.00056,0.17625
CVE-2008-5911,0.16434,0.94458
CVE-2008-5912,0.17145,0.94584
CVE-2008-5913,0.00345,0.5616
CVE-2008-5914,0.00232,0.46002
CVE-2008-5915,0.00516,0.65398
CVE-2008-5916,0.00063,0.20032
CVE-2008-5917,0.00516,0.65359
CVE-2008-5918,0.08069,0.91637
CVE-2008-5919,0.06664,0.90683
CVE-2008-5920,0.01894,0.82176
CVE-2008-5921,0.00144,0.35967
CVE-2008-5922,0.01257,0.78259
CVE-2008-5923,0.00149,0.36626
CVE-2008-5924,0.00366,0.57589
CVE-2008-5925,0.0023,0.45886
CVE-2008-5926,0.00169,0.39068
CVE-2008-5927,0.00289,0.51863
CVE-2008-5928,0.00202,0.42812
CVE-2008-5929,0.02152,0.83304
CVE-2008-5930,0.00195,0.42024
CVE-2008-5931,0.02835,0.85406
CVE-2008-5932,0.02508,0.84488
CVE-2008-5933,0.01346,0.78975
CVE-2008-5934,0.00184,0.40775
CVE-2008-5935,0.0026,0.4924
CVE-2008-5936,0.01984,0.82561
CVE-2008-5937,0.02022,0.82737
CVE-2008-5938,0.03612,0.87121
CVE-2008-5939,0.03519,0.86961
CVE-2008-5940,0.00661,0.6989
CVE-2008-5941,0.00175,0.39734
CVE-2008-5942,0.00329,0.55043
CVE-2008-5943,0.02498,0.84445
CVE-2008-5944,0.01346,0.78975
CVE-2008-5945,0.01171,0.77501
CVE-2008-5946,0.00107,0.3021
CVE-2008-5947,0.0083,0.73266
CVE-2008-5948,0.01313,0.78706
CVE-2008-5949,0.01421,0.79495
CVE-2008-5950,0.00169,0.39068
CVE-2008-5951,0.01744,0.8145
CVE-2008-5952,0.00172,0.39374
CVE-2008-5953,0.01488,0.79997
CVE-2008-5954,0.00128,0.3359
CVE-2008-5955,0.00163,0.38239
CVE-2008-5956,0.02152,0.83304
CVE-2008-5957,0.00144,0.35967
CVE-2008-5958,0.00703,0.70806
CVE-2008-5959,0.00169,0.39068
CVE-2008-5960,0.00366,0.57589
CVE-2008-5961,0.00263,0.49498
CVE-2008-5962,0.01488,0.79997
CVE-2008-5963,0.02672,0.84982
CVE-2008-5964,0.00874,0.74002
CVE-2008-5965,0.02127,0.83186
CVE-2008-5966,0.01519,0.80201
CVE-2008-5967,0.018,0.8175
CVE-2008-5968,0.00908,0.74517
CVE-2008-5969,0.00149,0.3661
CVE-2008-5970,0.00144,0.35828
CVE-2008-5971,0.01346,0.78975
CVE-2008-5972,0.00169,0.39068
CVE-2008-5973,0.00162,0.38144
CVE-2008-5974,0.00184,0.40829
CVE-2008-5975,0.00107,0.3021
CVE-2008-5976,0.01601,0.80681
CVE-2008-5977,0.00138,0.35036
CVE-2008-5978,0.00234,0.46236
CVE-2008-5979,0.01719,0.81326
CVE-2008-5980,0.02793,0.85296
CVE-2008-5981,0.01944,0.82387
CVE-2008-5982,0.12035,0.93356
CVE-2008-5983,0.00152,0.37018
CVE-2008-5984,0.00067,0.21295
CVE-2008-5985,0.00068,0.21372
CVE-2008-5986,0.00059,0.18786
CVE-2008-5987,0.0006,0.19009
CVE-2008-5988,0.00217,0.4456
CVE-2008-5989,0.01746,0.81467
CVE-2008-5990,0.01124,0.77068
CVE-2008-5991,0.01547,0.80365
CVE-2008-5992,0.00144,0.35967
CVE-2008-5993,0.00908,0.74517
CVE-2008-5994,0.00296,0.52455
CVE-2008-5995,0.00357,0.56969
CVE-2008-5996,0.00125,0.33211
CVE-2008-5997,0.02718,0.8511
CVE-2008-5998,0.00155,0.37371
CVE-2008-5999,0.00121,0.32465
