#model_version:v2026.06.15,score_date:2026-09-24T12:00:20Z
cve,epss,percentile
CVE-2016-3735,0.01363,0.70572
