#model_version:v2026.06.15,score_date:2026-09-25T12:03:13Z
cve,epss,percentile
CVE-2024-43112,0.00251,0.14688
