#model_version:v2026.06.15,score_date:2026-09-23T12:00:20Z
cve,epss,percentile
CVE-2024-2447,0.00223,0.13214
