#model_version:v2025.03.14,score_date:2026-01-10T12:55:00Z
cve,epss,percentile
CVE-2024-44630,0.00036,0.10323
