#model_version:v2026.06.15,score_date:2026-09-16T12:00:22Z
cve,epss,percentile
CVE-2024-10433,0.00404,0.34236
