#model_version:v2025.03.14,score_date:2026-04-19T12:55:00Z
cve,epss,percentile
CVE-2024-22519,0.00072,0.21897
