#model_version:v2026.06.15,score_date:2026-09-23T12:00:20Z
cve,epss,percentile
CVE-2024-38280,0.00151,0.04622
