#model_version:v2025.03.14,score_date:2026-06-11T12:55:00Z
cve,epss,percentile
CVE-2024-1386,0.00172,0.38269
