#model_version:v2026.06.15,score_date:2026-09-17T12:00:22Z
cve,epss,percentile
CVE-2024-20094,0.00753,0.53389
