#model_version:v2026.06.15,score_date:2026-09-26T12:00:22Z
cve,epss,percentile
CVE-2013-2191,0.00896,0.57928
