#model_version:v2025.03.14,score_date:2026-01-02T12:55:00Z
cve,epss,percentile
CVE-2004-0064,0.00169,0.38678
