#model_version:v2026.06.15,score_date:2026-09-19T12:00:21Z
cve,epss,percentile
CVE-2004-2618,0.02193,0.81654
