#model_version:v2025.03.14,score_date:2026-05-31T12:55:00Z
cve,epss,percentile
CVE-2014-5460,0.64727,0.98481
