#model_version:v2025.03.14,score_date:2025-09-23T12:55:00Z
cve,epss,percentile
CVE-2001-0466,0.03624,0.87367
